ds	nj	model	tlim	Sec	Obj	Var	Const	Gap
AA	5	DARP_MIP1	5	0.203	10184.839	144	375	0
AA	5	DARP_MIP2	5	0.047	10184.839	100	271	0
AA	5	CP3	5	5.04	10184.839	30	156	0.005487176
AA	5	DARP_MIP1	300	0.125	10184.839	144	375	0
AA	5	DARP_MIP2	300	0.047	10184.839	100	271	0
AA	5	CP3	300	300.002	10184.839	30	156	0.005487176
AA	10	DARP_MIP1	5	0.047	10383.622	484	1130	0
AA	10	DARP_MIP2	5	0.047	10383.622	324	778	0.000061887
AA	10	CP3	5	5.025	10383.622	56	279	0.012015268
AA	10	DARP_MIP1	300	0.063	10383.622	484	1130	0
AA	10	DARP_MIP2	300	0.047	10383.622	324	778	0.000061887
AA	10	CP3	300	300.027	10383.622	56	279	0.012015268
AA	15	DARP_MIP1	5	5.031	20544.684	2048	4555	0.004327729
AA	15	DARP_MIP2	5	2.375	20542.448	1250	2847	0.000095071
AA	15	CP3	5	5.039	20542.448	126	638	0.017938174
AA	15	DARP_MIP1	300	11.688	20542.448	2048	4555	0.000085189
AA	15	DARP_MIP2	300	2.891	20542.448	1250	2847	0.000095071
AA	15	CP3	300	300.03	20542.448	126	638	0.017938174
AA	20	DARP_MIP1	5	5.031	nfs	3528	7660
AA	20	DARP_MIP2	5	5.031	20759.909	2178	4816	0.003969951
AA	20	CP3	5	5.013	20759.732	165	830	0.027447416
AA	20	DARP_MIP1	300	59.594	20759.352	3528	7660	0.000099996
AA	20	DARP_MIP2	300	6	20759.352	2178	4816	0.000095693
AA	20	CP3	300	300.035	20759.732	165	830	0.027447416
AA	25	DARP_MIP1	5	5.031	nfs	5408	11565
AA	25	DARP_MIP2	5	5.016	nfs	3362	7297
AA	25	CP3	5	5.038	21055.332	204	1022	0.037448661
AA	25	DARP_MIP1	300	300.203	21055.332	5408	11565	0.004348982
AA	25	DARP_MIP2	300	73.078	21055.332	3362	7297	0.000099715
AA	25	CP3	300	300.029	21055.332	204	1022	0.037448661
AA	30	DARP_MIP1	5	5.063	nfs	11532	24390
AA	30	DARP_MIP2	5	5.078	nfs	7203	15420
AA	30	CP3	5	5.042	31119.254	332	1692	0.026303876
AA	30	DARP_MIP1	300	300.547	nfs	11532	24390
AA	30	DARP_MIP2	300	303.329	31132.774	7203	15420	0.005757406
AA	30	CP3	300	300.04	31119.254	332	1692	0.026303876
BB	5	DARP_MIP1	5	0.016	10339.668	144	375	0
BB	5	DARP_MIP2	5	0	10339.668	100	271	0
BB	5	CP3	5	0.007	10339.668	30	156	1.759233859e-16
BB	5	DARP_MIP1	300	0.015	10339.668	144	375	0
BB	5	DARP_MIP2	300	0.016	10339.668	100	271	0
BB	5	CP3	300	0.008	10339.668	30	156	1.759233859e-16
BB	10	DARP_MIP1	5	0.266	20512.464	968	2250	0.000083192
BB	10	DARP_MIP2	5	0.109	20512.464	648	1546	0.000082522
BB	10	CP3	5	5.008	20518.053	90	465	0.018262941
BB	10	DARP_MIP1	300	0.25	20512.464	968	2250	0.000083192
BB	10	DARP_MIP2	300	0.125	20512.464	648	1546	0.000082522
BB	10	CP3	300	300.039	20518.053	90	465	0.018262941
BB	15	DARP_MIP1	5	5.234	20677.355	2048	4555	0.005735732
BB	15	DARP_MIP2	5	0.297	20667.586	1352	3067	0.000084584
BB	15	CP3	5	5.015	20673.175	129	657	0.024184577
BB	15	DARP_MIP1	300	7.594	20667.586	2048	4555	0.000062934
BB	15	DARP_MIP2	300	0.297	20667.586	1352	3067	0.000084584
BB	15	CP3	300	300.038	20673.175	129	657	0.024184577
BB	20	DARP_MIP1	5	5.031	20835.634	3528	7660	0.01449746
BB	20	DARP_MIP2	5	1.234	20791.305	2048	4540	0.000098078
BB	20	CP3	5	5.056	20791.305	162	811	0.025300047
BB	20	DARP_MIP1	300	16.656	20791.305	3528	7660	0.000091127
BB	20	DARP_MIP2	300	1.36	20791.305	2048	4540	0.000098078
BB	20	CP3	300	300.029	20791.305	162	811	0.025300047
BB	25	DARP_MIP1	5	5.047	nfs	8112	17335
BB	25	DARP_MIP2	5	5.015	31046.17	4800	10423	0.006466044
BB	25	CP3	5	5.009	30951.434	276	1404	0.021008914
BB	25	DARP_MIP1	300	300.578	nfs	8112	17335
BB	25	DARP_MIP2	300	80.922	30947.758	4800	10423	0.000099652
BB	25	CP3	300	300.034	30951.434	276	1404	0.021008914
BB	30	DARP_MIP1	5	5.063	nfs	11532	24390
BB	30	DARP_MIP2	5	5.078	nfs	6912	14814
BB	30	CP3	5	5.006	31092.802	328	1665	0.023362996
BB	30	DARP_MIP1	300	300.344	nfs	11532	24390
BB	30	DARP_MIP2	300	239.828	31086.301	6912	14814	0.000099555
BB	30	CP3	300	300.024	31092.802	328	1665	0.023362996
CC	5	DARP_MIP1	5	0.031	10212.527	144	375	0
CC	5	DARP_MIP2	5	0	10212.527	49	145	0
CC	5	CP3	5	5.007	10212.527	24	123	0.00172964
CC	5	DARP_MIP1	300	0.047	10212.527	144	375	0
CC	5	DARP_MIP2	300	0	10212.527	49	145	0
CC	5	CP3	300	300.025	10212.527	24	123	0.00172964
CC	10	DARP_MIP1	5	5.015	20386.008	968	2250	0.002458791
CC	10	DARP_MIP2	5	0.109	20385.495	392	970	0
CC	10	CP3	5	5.008	20385.495	78	389	0.008132891
CC	10	DARP_MIP1	300	6.844	20385.495	968	2250	0.000098501
CC	10	DARP_MIP2	300	0.094	20385.495	392	970	0
CC	10	CP3	300	300.038	20385.495	78	389	0.008132891
CC	15	DARP_MIP1	5	5.016	nfs	2048	4555
CC	15	DARP_MIP2	5	0.157	20571.184	722	1695	0.000093561
CC	15	CP3	5	5.015	20571.184	108	524	0.01206615
CC	15	DARP_MIP1	300	300.063	20571.184	2048	4555	0.002709969
CC	15	DARP_MIP2	300	0.187	20571.184	722	1695	0.000093561
CC	15	CP3	300	300.03	20571.184	108	524	0.01206615
CC	20	DARP_MIP1	5	5.063	nfs	5292	11480
CC	20	DARP_MIP2	5	5.015	30779.944	2352	5264	0.002056159
CC	20	CP3	5	5.051	30761.43	208	1035	0.013145878
CC	20	DARP_MIP1	300	300.828	nfs	5292	11480
CC	20	DARP_MIP2	300	10.204	30747.997	2352	5264	0.00009992
CC	20	CP3	300	300.018	30759.232	208	1035	0.013075359
CC	25	DARP_MIP1	5	5.046	nfs	8112	17335
CC	25	DARP_MIP2	5	5.016	31030.24	3675	8053	0.006216665
CC	25	CP3	5	5.012	30942.186	256	1269	0.016133799
CC	25	DARP_MIP1	300	300.844	nfs	8112	17335
CC	25	DARP_MIP2	300	66.735	30925.832	3675	8053	0.000099953
CC	25	CP3	300	300.047	30927.822	256	1269	0.015676856
CC	30	DARP_MIP1	5	5.062	nfs	11532	24390
CC	30	DARP_MIP2	5	5.078	nfs	6627	14220
CC	30	CP3	5	5.047	31156.468	324	1638	0.023953967
CC	30	DARP_MIP1	300	300.14	nfs	11532	24390
CC	30	DARP_MIP2	300	300.86	nfs	6627	14220
CC	30	CP3	300	300.037	31137.306	324	1638	0.023353305
DD	5	DARP_MIP1	5	0.016	10324.77	144	375	0
DD	5	DARP_MIP2	5	0.015	10324.77	100	271	0
DD	5	CP3	5	5.057	10324.77	30	156	0.004136073
DD	5	DARP_MIP1	300	0.015	10324.77	144	375	0
DD	5	DARP_MIP2	300	0.016	10324.77	100	271	0
DD	5	CP3	300	300.027	10324.77	30	156	0.004136073
DD	10	DARP_MIP1	5	5.031	20602.237	968	2250	0.009441591
DD	10	DARP_MIP2	5	1.64	20567.835	648	1546	0.000099671
DD	10	CP3	5	5.023	20567.835	90	465	0.020341616
DD	10	DARP_MIP1	300	10.407	20567.835	968	2250	0.000091658
DD	10	DARP_MIP2	300	1.531	20567.835	648	1546	0.000099671
DD	10	CP3	300	300.012	20567.835	90	465	0.020341616
DD	15	DARP_MIP1	5	5.016	nfs	2048	4555
DD	15	DARP_MIP2	5	5.016	20717.323	1458	3295	0.009231591
DD	15	CP3	5	5.037	20683.066	132	676	0.025463875
DD	15	DARP_MIP1	300	300.047	20685.577	2048	4555	0.008328788
DD	15	DARP_MIP2	300	35.531	20673.383	1458	3295	0.000099975
DD	15	CP3	300	300.014	20678.286	132	676	0.025238601
DD	20	DARP_MIP1	5	5.031	nfs	3528	7660
DD	20	DARP_MIP2	5	5.015	nfs	2592	5692
DD	20	CP3	5	5.043	20795.994	174	887	0.029822378
DD	20	DARP_MIP1	300	302.015	20883.491	3528	7660	0.018433152
DD	20	DARP_MIP2	300	301.578	20784.383	2592	5692	0.006196014
DD	20	CP3	300	300.026	20795.994	174	887	0.029822378
DD	25	DARP_MIP1	5	5.063	nfs	5408	11565
DD	25	DARP_MIP2	5	5.062	nfs	4050	8737
DD	25	CP3	5	5.053	21006.675	216	1098	0.037627754
DD	25	DARP_MIP1	300	300.609	nfs	5408	11565
DD	25	DARP_MIP2	300	300.125	nfs	4050	8737
DD	25	CP3	300	300.005	21004.896	216	1098	0.037546246
DD	30	DARP_MIP1	5	5.094	nfs	7688	16270
DD	30	DARP_MIP2	5	5.062	nfs	5832	12430
DD	30	CP3	5	5.03	21163.186	258	1309	0.044293378
DD	30	DARP_MIP1	300	300.828	nfs	7688	16270
DD	30	DARP_MIP2	300	300.985	nfs	5832	12430
DD	30	CP3	300	300.04	21159.296	258	1309	0.044117678
